859.0000 
849.5000 
850.5000 
801.5000 
802.0000 
867.5000 
883.5000 
873.5000 
831.0000 
755.5000 
772.5000 
795.0000 
792.5000 
829.0000 
824.5000 
754.5000 
764.5000 
815.0000 
856.5000 
877.5000 
854.5000 
777.0000 
766.0000 
813.5000 
833.0000 
830.0000 
772.0000 
770.0000 
806.0000 
822.5000 
792.5000 
729.5000 
789.5000 
820.0000 
827.0000 
820.0000 
781.5000 
815.0000 
844.0000 
835.5000 
769.5000 
787.5000 
836.5000 
835.0000 
786.5000 
763.5000 
790.5000 
824.5000 
809.0000 
763.5000 
786.5000 
835.0000 
833.0000 
839.0000 
774.5000 
771.0000 
810.5000 
842.0000 
801.0000 
740.5000 
746.5000 
804.0000 
796.5000 
780.5000 
751.5000 
781.0000 
836.0000 
847.0000 
798.5000 
738.5000 
707.5000 
752.0000 
816.5000 
861.5000 
893.0000 
841.0000 
790.5000 
802.0000 
835.5000 
846.5000 
859.5000 
830.5000 
778.0000 
785.5000 
845.5000 
862.0000 
890.0000 
879.5000 
808.0000 
820.0000 
847.5000 
848.0000 
851.5000 
816.0000 
771.0000 
774.5000 
832.0000 
893.0000 
897.5000 
881.0000 
834.5000 
786.5000 
796.0000 
841.5000 
827.0000 
780.5000 
741.0000 
685.5000 
649.5000 
704.5272 
791.6961 
816.0000 
739.5000 
705.7042 
727.8876 
772.5000 
800.0000 
770.9885 
736.5000 
740.0000 
729.5000 
728.5000 
733.0000 
747.0000 
722.0000 
695.5000 
676.0000 
695.5000 
765.0000 
846.5000 
859.5000 
869.5000 
868.5000 
849.0000 
765.0000 
714.5000 
720.0000 
764.5000 
810.5000 
850.5000 
857.5000 
858.0000 
792.5000 
746.5000 
752.5000 
781.0000 
801.5000 
817.0000 
836.0000 
782.5000 
748.0000 
772.0000 
863.0000 
881.5000 
873.0000 
855.5000 
786.5000 
786.5000 
821.0000 
822.5000 
831.5000 
825.0000 
771.5000 
745.0000 
743.0000 
793.0000 
820.0000 
848.5000 
